crossing time (s)	slope (V/s)	crossing number
281474976710655.000000	-6.233287	60	0.000000
281474976710655.000000	-6.392791	61	0.000000
281474976710655.000000	-6.274930	62	0.000000
281474976710655.000000	-6.349063	63	0.000000
281474976710655.000000	-6.113953	64	0.000000
281474976710655.000000	-6.341987	65	0.000000
281474976710655.000000	-6.349000	66	0.000000
281474976710655.000000	-6.365596	67	0.000000
281474976710655.000000	-6.196863	68	0.000000
281474976710655.000000	-6.123208	69	0.000000
281474976710655.000000	-6.079653	70	0.000000
281474976710655.000000	-6.236285	71	0.000000
281474976710655.000000	-6.275870	72	0.000000
281474976710655.000000	-6.233102	73	0.000000
281474976710655.000000	-6.183974	74	0.000000
281474976710655.000000	-6.044573	75	0.000000
281474976710655.000000	-6.093028	76	0.000000
281474976710655.000000	-6.100149	77	0.000000
281474976710655.000000	-6.230620	78	0.000000
281474976710655.000000	-6.158262	79	0.000000
281474976710655.000000	-6.181634	80	0.000000
281474976710655.000000	-5.997422	81	0.000000
281474976710655.000000	-6.058745	82	0.000000
281474976710655.000000	-6.112939	83	0.000000
281474976710655.000000	-6.110946	84	0.000000
281474976710655.000000	-6.090639	85	0.000000
281474976710655.000000	-6.084821	86	0.000000
281474976710655.000000	-6.026727	87	0.000000
281474976710655.000000	-6.002683	88	0.000000
281474976710655.000000	-6.099768	89	0.000000
281474976710655.000000	-5.974102	90	0.000000
281474976710655.000000	-6.007292	91	0.000000
281474976710655.000000	-5.933834	92	0.000000
281474976710655.000000	-6.053187	93	0.000000
281474976710655.000000	-5.953571	94	0.000000
281474976710655.000000	-6.023527	95	0.000000
281474976710655.000000	-5.892768	96	0.000000
281474976710655.000000	-5.891574	97	0.000000
281474976710655.000000	-5.881034	98	0.000000
281474976710655.000000	-5.957748	99	0.000000
281474976710655.000000	-5.922705	100	0.000000
281474976710655.000000	-5.899521	101	0.000000
281474976710655.000000	-5.832138	102	0.000000
281474976710655.000000	-5.844182	103	0.000000
281474976710655.000000	-5.925502	104	0.000000
281474976710655.000000	-5.899602	105	0.000000
281474976710655.000000	-5.872225	106	0.000000
281474976710655.000000	-5.806706	107	0.000000
281474976710655.000000	-5.873449	108	0.000000
281474976710655.000000	-5.822020	109	0.000000
281474976710655.000000	-5.895743	110	0.000000
281474976710655.000000	-5.820024	111	0.000000
281474976710655.000000	-5.856883	112	0.000000
281474976710655.000000	-5.779419	113	0.000000
281474976710655.000000	-5.852244	114	0.000000
281474976710655.000000	-5.789595	115	0.000000
281474976710655.000000	-5.873482	116	0.000000
281474976710655.000000	-5.716127	117	0.000000
281474976710655.000000	-5.790653	118	0.000000
281474976710655.000000	-5.795242	119	0.000000
281474976710655.000000	-5.743041	120	0.000000
281474976710655.000000	-5.771449	121	0.000000
281474976710655.000000	-5.492206	122	0.000000
281474976710655.000000	-5.709156	123	0.000000
281474976710655.000000	-5.720253	124	0.000000
281474976710655.000000	-5.766304	125	0.000000
281474976710655.000000	-5.783936	126	0.000000
281474976710655.000000	-5.757178	127	0.000000
281474976710655.000000	-5.701952	128	0.000000
281474976710655.000000	-5.724589	129	0.000000
281474976710655.000000	-5.657900	130	0.000000
281474976710655.000000	-5.723092	131	0.000000
281474976710655.000000	-5.723577	132	0.000000
281474976710655.000000	-5.689269	133	0.000000
281474976710655.000000	-5.691787	134	0.000000
281474976710655.000000	-5.694520	135	0.000000
281474976710655.000000	-5.678941	136	0.000000
281474976710655.000000	-5.622925	137	0.000000
281474976710655.000000	-5.737673	138	0.000000
281474976710655.000000	-5.619391	139	0.000000
281474976710655.000000	-5.687449	140	0.000000
281474976710655.000000	-5.592087	141	0.000000
281474976710655.000000	-5.702780	142	0.000000
281474976710655.000000	-5.605597	143	0.000000
281474976710655.000000	-5.668457	144	0.000000
281474976710655.000000	-5.622769	145	0.000000
281474976710655.000000	-5.655240	146	0.000000
281474976710655.000000	-5.579541	147	0.000000
281474976710655.000000	-5.607273	148	0.000000
281474976710655.000000	-5.618539	149	0.000000
281474976710655.000000	-5.602159	150	0.000000
281474976710655.000000	-5.586958	151	0.000000
281474976710655.000000	-5.552885	152	0.000000
281474976710655.000000	-5.585363	153	0.000000
281474976710655.000000	-5.558987	154	0.000000
281474976710655.000000	-5.591580	155	0.000000
281474976710655.000000	-5.519737	156	0.000000
281474976710655.000000	-5.703619	157	0.000000
281474976710655.000000	-5.511564	158	0.000000
281474976710655.000000	-5.592931	159	0.000000
281474976710655.000000	-5.492305	160	0.000000
281474976710655.000000	-5.557641	161	0.000000
281474976710655.000000	-5.467179	162	0.000000
281474976710655.000000	-5.542447	163	0.000000
281474976710655.000000	-5.493247	164	0.000000
281474976710655.000000	-5.498550	165	0.000000
281474976710655.000000	-5.473002	166	0.000000
281474976710655.000000	-5.528439	167	0.000000
281474976710655.000000	-5.438581	168	0.000000
281474976710655.000000	-5.514881	169	0.000000
281474976710655.000000	-5.470559	170	0.000000
281474976710655.000000	-5.502753	171	0.000000
281474976710655.000000	-5.451184	172	0.000000
281474976710655.000000	-5.463935	173	0.000000
281474976710655.000000	-5.453387	174	0.000000
281474976710655.000000	-5.446486	175	0.000000
281474976710655.000000	-5.396230	176	0.000000
281474976710655.000000	-5.432722	177	0.000000
281474976710655.000000	-5.410915	178	0.000000
281474976710655.000000	-5.437149	179	0.000000
281474976710655.000000	-5.427115	180	0.000000
281474976710655.000000	-5.426633	181	0.000000
281474976710655.000000	-5.402818	182	0.000000
281474976710655.000000	-5.418353	183	0.000000
281474976710655.000000	-5.427418	184	0.000000
281474976710655.000000	-5.373580	185	0.000000
281474976710655.000000	-5.417012	186	0.000000
281474976710655.000000	-5.373979	187	0.000000
281474976710655.000000	-5.401043	188	0.000000
281474976710655.000000	-5.409246	189	0.000000
281474976710655.000000	-5.362597	190	0.000000
281474976710655.000000	-5.360169	191	0.000000
281474976710655.000000	-5.368309	192	0.000000
281474976710655.000000	-5.368849	193	0.000000
281474976710655.000000	-5.316455	194	0.000000
281474976710655.000000	-5.331858	195	0.000000
281474976710655.000000	-5.318572	196	0.000000
281474976710655.000000	-5.310656	197	0.000000
281474976710655.000000	-5.338686	198	0.000000
281474976710655.000000	-5.314293	199	0.000000
281474976710655.000000	-5.320593	200	0.000000
281474976710655.000000	-5.300563	201	0.000000
281474976710655.000000	-5.246497	202	0.000000
281474976710655.000000	-5.274790	203	0.000000
281474976710655.000000	-5.263220	204	0.000000
281474976710655.000000	-5.286726	205	0.000000
281474976710655.000000	-5.248582	206	0.000000
281474976710655.000000	-5.257136	207	0.000000
281474976710655.000000	-5.260875	208	0.000000
281474976710655.000000	-5.280440	209	0.000000
281474976710655.000000	-5.243456	210	0.000000
281474976710655.000000	-5.251575	211	0.000000
281474976710655.000000	-5.229402	212	0.000000
281474976710655.000000	-5.197616	213	0.000000
281474976710655.000000	-5.326384	214	0.000000
281474976710655.000000	-5.228453	215	0.000000
281474976710655.000000	-5.206789	216	0.000000
281474976710655.000000	-5.190763	217	0.000000
281474976710655.000000	-5.202412	218	0.000000
281474976710655.000000	-5.185125	219	0.000000
281474976710655.000000	-5.175349	220	0.000000
281474976710655.000000	-5.180252	221	0.000000
281474976710655.000000	-5.208679	222	0.000000
281474976710655.000000	-5.218508	223	0.000000
281474976710655.000000	-5.160722	224	0.000000
281474976710655.000000	-5.144816	225	0.000000
281474976710655.000000	-5.173393	226	0.000000
281474976710655.000000	-5.118395	227	0.000000
281474976710655.000000	-5.134825	228	0.000000
281474976710655.000000	-5.145853	229	0.000000
281474976710655.000000	-5.130997	230	0.000000
281474976710655.000000	-5.105209	231	0.000000
281474976710655.000000	-5.142703	232	0.000000
281474976710655.000000	-5.114701	233	0.000000
281474976710655.000000	-5.130479	234	0.000000
281474976710655.000000	-5.084471	235	0.000000
281474976710655.000000	-5.079700	236	0.000000
281474976710655.000000	-5.092468	237	0.000000
281474976710655.000000	-5.069334	238	0.000000
281474976710655.000000	-5.087084	239	0.000000
281474976710655.000000	-5.078515	240	0.000000
281474976710655.000000	-5.040502	241	0.000000
281474976710655.000000	-5.056283	242	0.000000
281474976710655.000000	-5.028839	243	0.000000
281474976710655.000000	-5.007976	244	0.000000
281474976710655.000000	-5.054934	245	0.000000
281474976710655.000000	-5.011595	246	0.000000
281474976710655.000000	-4.993139	247	0.000000
281474976710655.000000	-4.968052	248	0.000000
281474976710655.000000	-5.016653	249	0.000000
281474976710655.000000	-4.971186	250	0.000000
281474976710655.000000	-4.978842	251	0.000000
281474976710655.000000	-4.999740	252	0.000000
281474976710655.000000	-4.930573	253	0.000000
281474976710655.000000	-4.967498	254	0.000000
281474976710655.000000	-4.979745	255	0.000000
281474976710655.000000	-4.935915	256	0.000000
281474976710655.000000	-4.974254	257	0.000000
281474976710655.000000	-4.929733	258	0.000000
281474976710655.000000	-4.926329	259	0.000000
281474976710655.000000	-4.936030	260	0.000000
281474976710655.000000	-4.929514	261	0.000000
281474976710655.000000	-4.924715	262	0.000000
281474976710655.000000	-4.903988	263	0.000000
281474976710655.000000	-4.900519	264	0.000000
281474976710655.000000	-4.906086	265	0.000000
281474976710655.000000	-4.886744	266	0.000000
281474976710655.000000	-4.885052	267	0.000000
281474976710655.000000	-4.860845	268	0.000000
281474976710655.000000	-4.878322	269	0.000000
281474976710655.000000	-4.835162	270	0.000000
281474976710655.000000	-4.836931	271	0.000000
281474976710655.000000	-4.822927	272	0.000000
281474976710655.000000	-4.812281	273	0.000000
281474976710655.000000	-4.817908	274	0.000000
281474976710655.000000	-4.808397	275	0.000000
281474976710655.000000	-4.787314	276	0.000000
281474976710655.000000	-4.809054	277	0.000000
281474976710655.000000	-4.752977	278	0.000000
281474976710655.000000	-4.757613	279	0.000000
281474976710655.000000	-4.773335	280	0.000000
281474976710655.000000	-4.787549	281	0.000000
281474976710655.000000	-4.734504	282	0.000000
281474976710655.000000	-4.760223	283	0.000000
281474976710655.000000	-4.741317	284	0.000000
281474976710655.000000	-4.737008	285	0.000000
281474976710655.000000	-4.756025	286	0.000000
281474976710655.000000	-4.711840	287	0.000000
281474976710655.000000	-4.713953	288	0.000000
281474976710655.000000	-4.692482	289	0.000000
281474976710655.000000	-4.693011	290	0.000000
281474976710655.000000	-4.705783	291	0.000000
281474976710655.000000	-4.676394	292	0.000000
281474976710655.000000	-4.664304	293	0.000000
281474976710655.000000	-4.661164	294	0.000000
281474976710655.000000	-4.640292	295	0.000000
281474976710655.000000	-4.659583	296	0.000000
281474976710655.000000	-4.621264	297	0.000000
281474976710655.000000	-4.636515	298	0.000000
281474976710655.000000	-4.628927	299	0.000000
281474976710655.000000	-4.619140	300	0.000000
281474976710655.000000	-4.627124	301	0.000000
281474976710655.000000	-4.590707	302	0.000000
281474976710655.000000	-4.598673	303	0.000000
281474976710655.000000	-4.572692	304	0.000000
281474976710655.000000	-4.590816	305	0.000000
281474976710655.000000	-4.573727	306	0.000000
281474976710655.000000	-4.565770	307	0.000000
281474976710655.000000	-4.566521	308	0.000000
281474976710655.000000	-4.538352	309	0.000000
281474976710655.000000	-4.534894	310	0.000000
281474976710655.000000	-4.521789	311	0.000000
281474976710655.000000	-4.514933	312	0.000000
281474976710655.000000	-4.503884	313	0.000000
281474976710655.000000	-4.491577	314	0.000000
281474976710655.000000	-4.482096	315	0.000000
281474976710655.000000	-4.476513	316	0.000000
281474976710655.000000	-4.470449	317	0.000000
281474976710655.000000	-4.452219	318	0.000000
281474976710655.000000	-4.445674	319	0.000000
281474976710655.000000	-4.465036	320	0.000000
281474976710655.000000	-4.434201	321	0.000000
281474976710655.000000	-4.412752	322	0.000000
281474976710655.000000	-4.410812	323	0.000000
281474976710655.000000	-4.404354	324	0.000000
281474976710655.000000	-4.411786	325	0.000000
281474976710655.000000	-4.403109	326	0.000000
281474976710655.000000	-4.379421	327	0.000000
281474976710655.000000	-4.389057	328	0.000000
281474976710655.000000	-4.357150	329	0.000000
281474976710655.000000	-4.340276	330	0.000000
281474976710655.000000	-4.372419	331	0.000000
281474976710655.000000	-4.349349	332	0.000000
281474976710655.000000	-4.315125	333	0.000000
281474976710655.000000	-4.314741	334	0.000000
281474976710655.000000	-4.330078	335	0.000000
281474976710655.000000	-4.286913	336	0.000000
281474976710655.000000	-4.298322	337	0.000000
281474976710655.000000	-4.274919	338	0.000000
281474976710655.000000	-4.280767	339	0.000000
281474976710655.000000	-4.262809	340	0.000000
281474976710655.000000	-4.265498	341	0.000000
281474976710655.000000	-4.247469	342	0.000000
281474976710655.000000	-4.253541	343	0.000000
281474976710655.000000	-4.198151	344	0.000000
281474976710655.000000	-4.212739	345	0.000000
281474976710655.000000	-4.210454	346	0.000000
281474976710655.000000	-4.222700	347	0.000000
281474976710655.000000	-4.173839	348	0.000000
281474976710655.000000	-4.199296	349	0.000000
281474976710655.000000	-4.127570	350	0.000000
281474976710655.000000	-4.149642	351	0.000000
281474976710655.000000	-4.131152	352	0.000000
281474976710655.000000	-4.131649	353	0.000000
281474976710655.000000	-4.120729	354	0.000000
281474976710655.000000	-4.138186	355	0.000000
281474976710655.000000	-4.095383	356	0.000000
281474976710655.000000	-4.103108	357	0.000000
281474976710655.000000	-4.077816	358	0.000000
281474976710655.000000	-4.078568	359	0.000000
281474976710655.000000	-4.064287	360	0.000000
281474976710655.000000	-4.066119	361	0.000000
281474976710655.000000	-4.035856	362	0.000000
281474976710655.000000	-4.048038	363	0.000000
