num crossings	time (s)	maj axis (mm)	min axis (mm)	theta (rad )	slope (V/s)
59	622.890508	44.528470	-9.705722	0.575877	6.497259
61	624.970733	44.086817	-9.821131	0.565276	6.426610
63	627.049642	44.204822	-9.673509	0.578160	6.591933
65	629.129359	44.158381	-10.159340	0.571052	6.562328
67	631.206501	42.783979	-9.901353	0.587144	6.225629
69	633.286263	43.906346	-9.676693	0.587819	6.796194
71	635.362969	41.075553	-10.106497	0.577490	6.211420
73	637.439709	43.595026	-9.742657	0.589533	6.282568
75	639.516142	43.718618	-10.165597	0.577759	6.460506
77	641.592589	43.583262	-9.839556	0.596797	5.706498
79	643.669038	42.434811	-9.727292	0.589299	6.122326
81	645.745958	44.063886	-9.614670	0.609276	6.145995
83	647.822720	41.527221	-9.844853	0.594576	5.928844
85	649.899197	35.142523	-10.664372	0.671125	6.214643
87	651.976285	40.768973	-9.823134	0.610160	6.188108
89	654.050642	43.501273	-11.160586	0.608774	6.206524
91	656.126785	39.045474	-9.611926	0.641596	5.986072
93	658.201505	43.080853	-9.482596	0.628681	6.154909
95	660.277134	44.067398	-9.420931	0.628134	6.151479
97	662.350798	43.440730	-10.323238	0.618333	6.034421
99	664.425333	40.532871	-9.516384	0.652697	6.116249
101	666.499545	41.480403	-9.617433	0.625235	6.053856
103	668.574727	43.898889	-9.662373	0.630754	6.284236
105	670.651963	42.615346	-9.175237	0.638544	6.008702
107	672.728483	43.405852	-9.512211	0.632935	6.054042
109	674.807973	41.760504	-11.126765	0.650659	5.691448
111	676.887923	42.592180	-9.084523	0.654823	5.856379
113	678.967402	41.016041	-9.159968	0.661809	5.817099
115	681.046917	41.082888	-9.090648	0.657604	6.071418
117	683.126344	42.159949	-8.977577	0.661473	5.671290
119	685.205466	42.569245	-9.057090	0.666376	5.955329
121	687.282413	42.568518	-8.923195	0.667201	5.723112
123	689.360415	40.754233	-10.064393	0.668489	5.984563
125	691.436900	40.779062	-8.678860	0.676334	5.783223
127	693.516606	41.312553	-8.815888	0.664600	5.844275
129	695.590430	41.621319	-9.045180	0.659410	5.915212
131	697.667677	42.345441	-8.598043	0.678842	5.948131
133	699.743198	41.906967	-8.469309	0.680661	5.675845
135	701.818873	41.475390	-8.420788	0.684166	5.522020
137	703.893081	41.666864	-8.296909	0.694268	5.771511
139	705.967722	39.820895	-8.520829	0.682253	5.779483
141	708.041633	42.118587	-8.085375	0.695411	5.693137
143	710.115498	42.326631	-7.977958	0.700896	5.427542
145	712.187771	41.568952	-7.949201	0.707149	5.555139
147	714.266584	41.283306	-8.019878	0.703851	5.710150
149	716.342500	40.446862	-7.972102	0.702748	5.438210
151	718.419243	40.034085	-7.667965	0.716513	5.726196
153	720.496546	37.911188	-7.978203	0.709192	5.666924
155	722.574177	41.562581	-7.520564	0.720059	5.440395
157	724.651881	41.612412	-8.536792	0.739699	5.788751
159	726.730296	40.575297	-7.607022	0.717384	5.759529
161	728.807812	40.747462	-7.451078	0.717784	5.794090
163	730.885170	38.886220	-7.510755	0.745868	5.527309
165	732.961213	40.228445	-7.375362	0.734497	5.453686
167	735.038675	39.666452	-7.045556	0.736680	5.448394
169	737.116187	41.089473	-6.897150	0.733560	5.589996
171	739.192014	40.577274	-6.978958	0.734237	5.329007
173	741.269697	40.064197	-6.858371	0.745696	5.675364
175	743.344849	38.991019	-6.792472	0.741145	5.429311
177	745.420239	38.590195	-6.575163	0.749686	5.561224
179	747.497774	39.376057	-6.423350	0.746471	5.478937
181	749.573572	40.574323	-6.324525	0.751810	5.369691
183	751.652528	40.586905	-6.275144	0.749375	5.324487
185	753.726978	41.141303	-6.093812	0.753962	5.312282
187	755.802852	40.598623	-6.019737	0.751647	5.551065
189	757.882684	39.204304	-6.076109	0.757276	5.409871
191	759.961431	36.206970	-5.892066	0.774136	5.288358
193	762.039337	38.437255	-5.769218	0.766843	5.421698
195	764.118028	39.240325	-5.386096	0.775994	5.494789
197	766.197886	38.606965	-5.528392	0.764066	5.400336
199	768.277439	40.292759	-5.398865	0.766726	5.410608
201	770.354473	39.381130	-5.212962	0.770292	5.402831
203	772.432499	39.753491	-5.061648	0.777030	5.406028
205	774.510081	39.024755	-5.001930	0.776319	5.603543
207	776.587096	39.715871	-5.014839	0.785160	5.361093
209	778.664002	38.868940	-4.875187	0.776240	5.252170
211	780.740152	40.148138	-4.629153	0.781306	5.434084
213	782.816267	38.845995	-4.928624	0.784330	5.248078
215	784.892354	40.552344	-4.846851	0.776279	5.212058
217	786.966615	34.912088	-4.924491	0.780080	5.473447
219	789.042830	39.473254	-4.131760	0.784824	5.150071
221	791.117112	39.180321	-4.003726	0.789761	5.142526
223	793.191708	37.584618	-3.986686	0.788373	5.483028
225	795.265905	39.581084	-3.749524	0.793280	4.951745
227	797.341889	39.200139	-3.764737	0.798260	5.131334
229	799.418020	37.507696	-3.533784	0.796090	5.063217
231	801.492371	38.489196	-3.370917	0.799361	5.167798
233	803.568862	39.882661	-3.370370	0.801687	5.197937
235	805.644875	41.127388	-4.878516	0.815728	5.122638
237	807.719700	38.974398	-3.132244	0.808520	5.162584
239	809.797858	35.617799	-3.208747	0.811742	5.054931
241	811.874534	39.451646	-2.696490	0.806213	5.099364
243	813.951857	37.757403	-2.577165	0.809784	5.108688
245	816.028843	38.881236	-2.457539	0.806960	5.124047
247	818.104945	37.523612	-2.307816	0.814410	4.861038
249	820.183328	38.814039	-2.191482	0.808691	4.986823
251	822.259604	38.156755	-2.052813	0.813010	5.044275
253	824.339133	37.094362	-1.943377	0.817051	5.051240
255	826.415540	38.226659	-1.849676	0.820740	5.136825
257	828.492004	38.616502	-1.668133	0.810677	4.812719
259	830.570823	38.627215	-1.328165	0.814005	4.823817
261	832.646942	38.625516	-1.233645	0.813095	5.031109
263	834.723061	38.518755	-1.240756	0.817806	4.986261
265	836.805311	37.790603	-1.237994	0.821178	5.128020
267	838.884062	37.705542	-0.933348	0.821701	4.856454
269	840.961198	37.960034	-0.820133	0.820523	4.930810
271	843.039858	37.061728	-0.636983	0.825454	4.890554
273	845.118954	37.671734	-0.466412	0.830882	4.920663
275	847.196258	38.669949	-0.462679	0.826551	4.862397
277	849.274798	38.560440	-0.564327	0.831269	4.874294
279	851.352188	37.399178	-0.207317	0.829102	4.755285
281	853.429326	37.600293	-0.007484	0.823486	4.851464
283	855.506305	36.816428	0.141059	0.825889	4.778174
285	857.583466	35.702215	0.157446	0.823644	4.827485
287	859.660275	38.736805	0.386082	0.827287	4.588374
289	861.736048	37.489077	0.482471	0.826159	4.929329
291	863.813236	37.861820	0.668883	0.823864	4.793359
293	865.887730	37.835573	0.820597	0.823804	4.630404
295	867.963525	37.372263	0.944838	0.824920	4.738008
297	870.039715	35.233888	1.132283	0.830791	4.880756
299	872.112185	33.437222	1.232541	0.826712	4.718622
301	874.190498	37.894186	1.687247	0.822738	4.575368
303	876.264365	37.402958	1.534055	0.823632	4.712525
305	878.341119	36.875830	2.044865	0.828642	4.640214
307	880.416583	38.165635	1.717373	0.824835	4.448821
309	882.492141	37.479484	1.845416	0.829110	4.579306
311	884.568811	35.603362	1.951463	0.832999	4.593641
313	886.644824	36.272461	2.130990	0.824127	4.497444
315	888.722033	36.723209	2.280130	0.826108	4.466667
317	890.797457	36.321785	2.386956	0.826104	4.591404
319	892.873517	36.035746	2.447380	0.820696	4.406556
321	894.952514	37.386232	2.588936	0.822120	4.474155
323	897.027366	36.389247	2.708897	0.819553	4.574158
325	899.105683	36.851728	2.804881	0.818283	4.536780
327	901.183552	36.202142	2.948274	0.815928	4.216274
329	903.259246	35.061955	3.116606	0.824571	4.438998
331	905.337553	34.786128	3.281460	0.821654	4.473103
333	907.414691	35.907338	3.388070	0.822511	4.198216
335	909.488853	35.615170	3.504923	0.815542	4.271410
337	911.569653	37.375048	3.368648	0.818282	4.514623
339	913.646199	35.931871	3.716344	0.810357	4.302804
341	915.722170	36.787236	3.839937	0.817419	4.366101
343	917.803376	35.562963	3.983196	0.819104	4.253001
345	919.880186	34.787749	3.982811	0.814434	4.105334
347	921.959553	36.350440	4.097264	0.806987	4.370478
349	924.037442	35.437563	4.710809	0.814537	4.234716
351	926.116216	34.996566	4.384607	0.806359	4.132286
353	928.193889	34.429088	4.438860	0.813893	4.135195
355	930.271047	35.710951	5.297225	0.816193	4.326997
357	932.349025	34.692408	4.750527	0.800921	4.206108
359	934.423324	34.921736	6.013816	0.809192	4.128166
361	936.502786	35.445080	5.024297	0.804656	4.205026
